Data,Saida_Estimada,Saida,Erro
2020-03-28,1,1,0
2020-03-29,1,1,0
2020-03-30,1,1,0
2020-03-31,1,1,0
2020-04-01,1,1,0
2020-04-02,1,1,0
2020-04-03,1,1,0
2020-04-04,1,1,0
2020-04-05,1,3,2
2020-04-06,3,3,0
2020-04-07,3,3,0
2020-04-08,3,3,0
2020-04-09,3,3,0
2020-04-10,3,3,0
2020-04-11,3,3,0
2020-04-12,3,3,0
2020-04-13,3,3,0
2020-04-14,3,3,0
2020-04-15,3,3,0
2020-04-16,3,3,0
2020-04-17,3,3,0
2020-04-18,3,3,0
2020-04-19,3,5,2
2020-04-20,5,5,0
2020-04-21,5,7,2
2020-04-22,7,8,1
2020-04-23,8,9,1
2020-04-24,9,10,1
2020-04-25,10,9,-1
2020-04-26,9,14,5
2020-04-27,14,14,0
2020-04-28,14,12,-2
2020-04-29,12,12,0
2020-04-30,12,13,1
2020-05-01,13,12,-1
2020-05-02,12,13,1
2020-05-03,13,12,-1
2020-05-04,12,20,8
2020-05-05,20,21,1
2020-05-06,21,21,0
2020-05-07,21,23,2
2020-05-08,23,25,2
2020-05-09,25,25,+
2020-05-10,25,31,6
2020-05-11,31,33,2
2020-05-12,33,41,8
2020-05-13,41,41,+
2020-05-14,44.1063,43,-1.10631
2020-05-15,47.2631,46,-1.26313
2020-05-16,50.4713,46,-4.47128
2020-05-17,53.7316,49,-4.73159
2020-05-18,57.0449,54,-3.04491
2020-05-19,60.4121,65,4.58789
2020-05-20,63.8341,66,2.16595
2020-05-21,67.3116,68,0.688367
2020-05-22,70.8458,96,25.1542
2020-05-23,74.4373,96,21.5627
2020-05-24,78.0873,96,17.9127
2020-05-25,81.7967,97,15.2033
2020-05-26,85.5663,97,11.4337
2020-05-27,89.3972,96,6.60275
2020-05-28,93.2905,100,6.70953
2020-05-29,97.247,106,8.753
